0.97 1.6141 0.08102520126403089
0.97 1.65 0.07658147412636471
0.97 1.7 0.0708507838311821
0.97 1.75 0.0655821843663715
0.97 1.8 0.0607228037283554
0.97 1.9 0.052086675025417285
0.97 2.0 0.04471162593979359
0.97 2.1 0.038418117120504185
0.97 2.2 0.03305910040796302
0.97 2.5 0.021305515304105998
0.97 2.7 0.016082417911886828
0.97 3.0 0.010745641173763898
0.97 3.5 0.005772810173125279
0.97 4.0 0.0032891083858843703
0.998 1.23697 0.09032458077626591
0.998 1.3 0.09098072980516049
0.998 1.4 0.087040610159427
0.998 1.5 0.07987376028695596
0.998 1.6 0.07154886510603328
0.998 1.7 0.06316784152258163
0.998 1.8 0.055276506538783465
0.998 1.9 0.04811170680171851
0.998 2.0 0.041750225692490615
0.998 2.2 0.03133778508832203
0.998 2.4 0.023562003854662204
0.998 2.5 0.02047484949997494
0.998 3.0 0.010456839314125185
0.998 3.5 0.005656989030268331
0.998 4.0 0.0032373138821958957
0.998 5.0 0.00122373227129798
0.998 6.0 0.0005376752487011622
0.998 8.0 0.00014185190508026957
0.998 10.0 4.942512177217305e-05
0.9995 1.140366 0.07204550354984271
0.9995 1.15 0.07415330786206806
0.9995 1.18 0.07954728714863114
0.9995 1.2 0.08225187708142831
0.9995 1.22 0.0843330754851954
0.9995 1.25 0.08644442360035103
0.9995 1.340918 0.08738168430995577
0.9995 1.35 0.08714486546287352
0.9995 1.367282 0.08657228133674924
0.9995 1.4 0.08511310511474596
0.9995 1.5 0.07862548994125643
0.9995 1.6 0.07070388669850572
0.9995 1.7 0.06257640055671766
0.9995 1.8 0.0548510306559512
0.9995 2.0 0.0415181232926199
0.9995 2.1 0.036002336121743216
0.9995 2.2 0.03120500531227856
0.9995 2.3 0.02705727521501973
0.9995 2.5 0.020412054790248994
0.9995 2.9 0.011879239090267656
0.9995 3.0 0.010433410859537461
0.9995 3.1 0.009185047083433604
0.9995 3.5 0.00564753329250875
0.9995 4.0 0.003233067456743793
0.9995 4.5 0.00194559831323491
0.9995 5.0 0.0012226444866635948
0.9995 6.0 0.0005373237525034598
0.9995 8.0 0.00014179401568924818
0.9995 10.0 4.941100502938455e-05
0.9999 1.078526 0.04944596688714066
0.9999 1.08 0.0500738420729382
0.9999 1.09 0.05414512249492559
0.9999 1.1 0.05789436276656258
0.9999 1.12 0.06448573318898385
0.9999 1.14 0.06997436199265641
0.9999 1.15 0.07234469408488102
0.9999 1.18 0.07813619267892818
0.9999 1.2 0.08103081350922178
0.9999 1.22 0.08326371104124325
0.9999 1.25 0.08555288109577311
0.9999 1.35 0.08661022270904768
0.9999 1.4 0.08468436872682478
0.9999 1.5 0.07833767248853321
0.9999 1.6 0.0705027541806595
0.9999 1.7 0.062431796391175076
0.9999 1.8 0.05474480281191056
0.9999 2.0 0.041457942861552174
0.9999 2.1 0.03595615916830415
0.9999 2.2 0.03116919512018007
0.9999 2.3 0.027029240134403616
0.9999 2.5 0.020394436352716896
0.9999 2.9 0.011871670598342416
0.9999 3.0 0.010427190545219346
0.9999 3.1 0.009179907252740947
0.9999 3.5 0.00564501799102785
0.9999 4.0 0.003231937032722712
0.9999 4.5 0.0019450454281854422
0.9999 5.0 0.0012223547348416324
0.9999 6.0 0.0005372300987898829
0.9999 8.0 0.00014177858722782738
0.9999 10.0 4.940724217810058e-05
0.99999 1.035232 0.025718474693087738
0.99999 1.04 0.028637729968429084
0.99999 1.045 0.03158829001005209
0.99999 1.05 0.034426956123742025
0.99999 1.06 0.039778670092572105
0.99999 1.07 0.04471535711030276
0.99999 1.078526 0.04861466177876966
0.99999 1.08 0.04926080226565016
0.99999 1.09 0.053438438513162906
0.99999 1.1 0.05727078119999536
0.99999 1.12 0.06398405057241378
0.99999 1.14 0.06955807839156318
0.99999 1.15 0.07196224104342513
0.99999 1.18 0.07783202698697186
0.99999 1.181765 0.07812015171851455
0.99999 1.2 0.08076545905466269
0.99999 1.22 0.08302993174494948
0.99999 1.25 0.08535673183511357
0.99999 1.35 0.0864913404616957
0.99999 1.4 0.08458878886500859
0.99999 1.5 0.07827331186856983
0.99999 1.6 0.0704577020344448
0.99999 1.7 0.0623993727459884
0.99999 1.8 0.054720967768736535
0.99999 2.0 0.041444428581670946
0.99999 2.1 0.0359457867909181
0.99999 2.2 0.03116114968157478
0.99999 2.5 0.02039047640511369
0.99999 2.9 0.01186996897908994
0.99999 3.0 0.010425791963101602
0.99999 3.1 0.009178751554707295
0.99999 3.5 0.005644452343397301
0.99999 4.0 0.0032316827915693552
0.99999 4.5 0.0019449210708287572
0.99999 5.0 0.0012222895591719278
0.99999 6.0 0.00053720903124547
0.99999 8.0 0.00014177511632894657
0.99999 10.0 4.9406395630138094e-05
0.999999 1.016095 0.01255845774812804
0.999999 1.02 0.015359521329181638
0.999999 1.03 0.022169283003406582
0.999999 1.035 0.025382483098535365
0.999999 1.035232 0.025528797957401133
0.999999 1.04 0.028472414936629088
0.999999 1.045 0.0314427124777996
0.999999 1.05 0.034297020416570165
0.999999 1.06 0.03967199145912284
0.999999 1.07 0.0446251696134041
0.999999 1.078526 0.04853517675511649
0.999999 1.08 0.04918293338752926
0.999999 1.09 0.05337012907564795
0.999999 1.1 0.057210109615983384
0.999999 1.12 0.06393482603791555
0.999999 1.14 0.06951702685803209
0.999999 1.15 0.07192445814888489
0.999999 1.18 0.07780186739284582
0.999999 1.181765 0.07809036190920202
0.999999 1.2 0.08073910611784692
0.999999 1.22 0.08300668745707399
0.999999 1.25 0.08533720457434037
0.999999 1.35 0.08647948040198931
0.999999 1.4 0.08457924859459195
0.999999 1.5 0.07826688379968916
0.999999 1.6 0.07045320089465282
0.999999 1.7 0.06239613264180145
0.999999 1.8 0.05471858559842125
0.999999 2.0 0.04144307768431743
0.999999 2.1 0.035944749904869476
0.999999 2.2 0.031160345376864566
0.999999 2.3 0.027022310679693802
0.999999 2.5 0.02039008049513718
0.999999 2.9 0.011869798843237354
0.999999 3.0 0.010425652124849794
0.999999 3.1 0.009178636000327273
0.999999 3.5 0.005644395784595519
0.999999 4.0 0.003231657369559488
0.999999 4.5 0.0019449086359369296
0.999999 5.0 0.0012222830419784325
0.999999 6.0 0.0005372069245827589
0.999999 8.0 0.00014177476924925883
0.999999 10.0 4.940631097723225e-05
0.9999999 1.007416 0.005965181951093353
0.9999999 1.01 0.007960449065009301
0.9999999 1.012 0.009478570645051792
0.9999999 1.014 0.010974013348296018
0.9999999 1.016 0.01244694130831914
0.9999999 1.016095 0.01251666897079902
0.9999999 1.02 0.015326156785031401
0.9999999 1.03 0.022147354240689955
0.9999999 1.035 0.025363800394314184
0.9999999 1.035232 0.0255102435767533
0.9999999 1.04 0.02845616269932837
0.9999999 1.045 0.03142834891759177
0.9999999 1.05 0.034284167173034466
0.9999999 1.06 0.039661403549533236
0.9999999 1.07 0.0446162005094333
0.9999999 1.078526 0.04852726302108532
0.9999999 1.08 0.049175179318605856
0.9999999 1.09 0.05336332088670559
0.9999999 1.1 0.05720405883784069
0.9999999 1.12 0.06392991283151825
0.9999999 1.14 0.06951292738681412
0.9999999 1.15 0.07192068442313138
0.9999999 1.18 0.07779885397958708
0.9999999 1.181765 0.07808738539567102
0.9999999 1.2 0.08073647263556581
0.9999999 1.22 0.08300436435635421
0.9999999 1.25 0.08533525272062271
0.9999999 1.35 0.08647829467693657
0.9999999 1.4 0.08457829474434822
0.9999999 1.5 0.07826624107262424
0.9999999 1.6 0.07045275082138219
0.9999999 1.7 0.06239580865396925
0.9999999 1.8 0.05471834739472186
0.9999999 2.0 0.04144294259988627
0.9999999 2.1 0.03594464621978029
0.9999999 2.2 0.03116026494878433
0.9999999 2.3 0.02702224770142315
0.9999999 2.5 0.02039004090498718
0.9999999 2.9 0.011869781829912782
0.9999999 3.0 0.010425638141224186
0.9999999 3.1 0.009178624445043485
0.9999999 3.5 0.005644390128774949
0.9999999 4.0 0.003231654827379554
0.9999999 4.5 0.0019449073924561846
0.9999999 5.0 0.0012222823902628174
0.9999999 6.0 0.000537206713917405
0.9999999 8.0 0.00014177473454139201
0.9999999 10.0 4.940630251196057e-05
0.99999999 1.00343 0.0027983075732786866
0.99999999 1.004 0.003255492231917252
0.99999999 1.005 0.004053270224709114
0.99999999 1.006 0.004845156595416276
0.99999999 1.007 0.005631132789296962
0.99999999 1.007416 0.00595609371999546
0.99999999 1.01 0.00795374231894548
0.99999999 1.012 0.00947299732157413
0.99999999 1.014 0.010969247927435208
0.99999999 1.016 0.012442781061355771
0.99999999 1.016095 0.0125125338304811
0.99999999 1.02 0.015322842928661706
0.99999999 1.03 0.022145167954238768
0.99999999 1.035 0.025361936245854692
0.99999999 1.035232 0.02550839217839488
0.99999999 1.04 0.028454540219287762
0.99999999 1.045 0.031426914476538746
0.99999999 1.05 0.03428288323613743
0.99999999 1.06 0.03966034555182744
0.99999999 1.07 0.0446153040926143
0.99999999 1.078526 0.04852647199375751
0.99999999 1.08 0.04917440423843901
0.99999999 1.09 0.053362640294554356
0.99999999 1.1 0.05720345392335759
0.99999999 1.12 0.06392942160316267
0.99999999 1.14 0.06951251749642884
0.99999999 1.15 0.07192030709613342
0.99999999 1.18 0.07779855266369937
0.99999999 1.181765 0.07808708776896968
0.99999999 1.2 0.08073620930543812
0.99999999 1.22 0.08300413205955462
0.99999999 1.25 0.08533505754397028
0.99999999 1.35 0.08647817610723973
0.99999999 1.4 0.08457819936109147
0.99999999 1.5 0.07826617680071588
0.99999999 1.6 0.07045270581446217
0.99999999 1.7 0.062395776255411886
0.99999999 1.8 0.054718323574485236
0.99999999 2.0 0.041442929091496196
0.99999999 2.1 0.03594463585130653
0.99999999 2.2 0.031160256906000206
0.99999999 2.3 0.027022241403612705
0.99999999 2.5 0.02039003694598066
0.99999999 2.9 0.01186978012858293
0.99999999 3.0 0.01042563674286362
0.99999999 3.1 0.009178623289516649
0.99999999 3.5 0.005644389563193487
0.99999999 4.0 0.0032316545731617707
0.99999999 4.5 0.0019449072681081946
0.99999999 5.0 0.0012222823250912934
0.99999999 6.0 0.0005372066928508788
0.99999999 8.0 0.00014177473107060637
0.99999999 10.0 4.940630166543359e-05
0.999999999 1.00159 0.0013052426404172798
0.999999999 1.00159 0.0013448139854657553
0.999999999 1.002 0.001639470774245561
0.999999999 1.002 0.0016886290640146131
0.999999999 1.003 0.002449659821300201
0.999999999 1.003 0.002522665852116901
0.999999999 1.00343 0.0027963413820589074
0.999999999 1.004 0.0032538081500780103
0.999999999 1.004 0.0033502115920489304
0.999999999 1.005 0.004051925109371647
0.999999999 1.005 0.004163878709012068
0.999999999 1.006 0.004844037108422663
0.999999999 1.006 0.004985900945064593
0.999999999 1.007 0.0056301743242895145
0.999999999 1.007 0.005794109797138428
0.999999999 1.007416 0.005955189385466617
0.999999999 1.008 0.00659594948212947
0.999999999 1.01 0.007953073464736853
0.999999999 1.01 0.008180683839928565
0.999999999 1.012 0.009472441039276932
0.999999999 1.012 0.00974041781082206
0.999999999 1.014 0.01096877204470286
0.999999999 1.014 0.011275527886869417
0.999999999 1.016 0.01244236547719009
0.999999999 1.016 0.012786350092561398
0.999999999 1.016095 0.012512120749135875
0.999999999 1.02 0.015322511767433959
0.999999999 1.02 0.015736485054836734
0.999999999 1.03 0.022144949391287333
0.999999999 1.03 0.022709834464550292
0.999999999 1.035 0.02536174987213418
0.999999999 1.035 0.025990280058372197
0.999999999 1.035232 0.025508207078864996
0.999999999 1.04 0.02845437799867249
0.999999999 1.04 0.029139607284256082
0.999999999 1.045 0.03142677105155653
0.999999999 1.045 0.032162247391847136
0.999999999 1.05 0.03428275485630665
0.999999999 1.05 0.035062390621150005
0.999999999 1.06 0.03966023975998316
0.999999999 1.06 0.04051195109215709
0.999999999 1.07 0.04461521445586532
0.999999999 1.07 0.04552002857661517
0.999999999 1.078526 0.04852639289448388
0.999999999 1.08 0.04917432673368812
0.999999999 1.08 0.050116049637168585
0.999999999 1.09 0.05336257223760586
0.999999999 1.09 0.05432786706792742
0.999999999 1.1 0.05720339343354212
0.999999999 1.1 0.05818108756144838
0.999999999 1.12 0.06392937248124976
0.999999999 1.12 0.06490465845149225
0.999999999 1.14 0.0695124765079576
0.999999999 1.14 0.07045515293567735
0.999999999 1.15 0.07192026936388934
0.999999999 1.15 0.07284623693678395
0.999999999 1.18 0.07779852253236495
0.999999999 1.18 0.07863874791525205
0.999999999 1.181765 0.07808705800654604
0.999999999 1.2 0.08073618297260635
0.999999999 1.2 0.0813643807950754
0.999999999 1.22 0.08300410883000738
0.999999999 1.22 0.0837208553401648
0.999999999 1.25 0.08533503802639221
0.999999999 1.25 0.08595573771424048
0.999999999 1.3 0.08735296455067704
0.999999999 1.35 0.08647816425029814
0.999999999 1.35 0.08682289486485292
0.999999999 1.4 0.08457818982278345
0.999999999 1.4 0.08481415143289742
0.999999999 1.5 0.07826617037353302
0.999999999 1.5 0.0783980107527796
0.999999999 1.6 0.07045270131377425
0.999999999 1.6 0.07051974139284362
0.999999999 1.7 0.062395773015558396
0.999999999 1.7 0.06241720755437399
0.999999999 1.8 0.05471832119246291
0.999999999 1.8 0.054726358123863256
0.999999999 1.9 0.047700056072145273
0.999999999 2.0 0.04144206983518847
0.999999999 2.0 0.04144292774065772
0.999999999 2.1 0.03594067958967134
0.999999999 2.1 0.0359446348144595
0.999999999 2.2 0.03115411921980335
0.999999999 2.2 0.031160256101722034
0.999999999 2.3 0.027006736943098634
0.999999999 2.3 0.02702224077383182
0.999999999 2.5 0.02038652669081841
0.999999999 2.5 0.020390036550080093
0.999999999 2.9 0.011869779958449973
0.999999999 2.9 0.011869840280594237
0.999999999 3.0 0.010425636603027585
0.999999999 3.0 0.010425674337925794
0.999999999 3.1 0.00917862317396398
0.999999999 3.1 0.00917864702743327
0.999999999 3.5 0.005644389506635348
0.999999999 3.5 0.005644393707267595
0.999999999 4.0 0.0032316545477399945
0.999999999 4.0 0.003231657406703791
0.999999999 4.5 0.0019449072556733961
0.999999999 4.5 0.0019449073529190643
0.999999999 5.0 0.0012222823185741411
0.999999999 5.0 0.0012222823375143501
0.999999999 6.0 0.0005372066907442263
0.999999999 6.0 0.0005372066917925424
0.999999999 8.0 0.00014177473072352783
0.999999999 8.0 0.000141774730732565
0.999999999 10.0 4.94063015807809e-05
0.999999999 10.0 4.940630158093207e-05
0.9999999999 1.000737 0.0006071868313697249
0.9999999999 1.001 0.0008226883194912727
0.9999999999 1.00159 0.001304804893583261
0.9999999999 1.002 0.001639123137627057
0.9999999999 1.003 0.0024494283820360625
0.9999999999 1.00343 0.002796139069390464
0.9999999999 1.004 0.0032536347658976596
0.9999999999 1.005 0.004051786548292868
0.9999999999 1.006 0.004843921759279546
0.9999999999 1.007 0.005630075553681432
0.9999999999 1.007416 0.005955096190169605
0.9999999999 1.01 0.007953004533919623
0.9999999999 1.012 0.009472383713196872
0.9999999999 1.014 0.010968723008342092
0.9999999999 1.016 0.012442322658685834
0.9999999999 1.016095 0.01251207818872774
0.9999999999 1.02 0.015322477655177098
0.9999999999 1.03 0.02214492689153367
0.9999999999 1.035 0.02536173069202885
0.9999999999 1.035232 0.025508188030162558
0.9999999999 1.04 0.028454361309328966
0.9999999999 1.045 0.03142675630036335
0.9999999999 1.05 0.03428274165640449
0.9999999999 1.06 0.03966022888880158
0.9999999999 1.07 0.0446152052498601
0.9999999999 1.078526 0.04852638477439111
0.9999999999 1.08 0.04917431877789435
0.9999999999 1.09 0.05336256525517312
0.9999999999 1.1 0.05720338723050807
0.9999999999 1.12 0.06392936744860721
0.9999999999 1.14 0.06951247231220205
0.9999999999 1.15 0.07192026550302333
0.9999999999 1.18 0.0777985194527482
0.9999999999 1.181765 0.07808705496482704
0.9999999999 1.2 0.08073618028309622
0.9999999999 1.22 0.08300410645900232
0.9999999999 1.25 0.0853350360360707
0.9999999999 1.35 0.08647816304423207
0.9999999999 1.4 0.08457818885357872
0.9999999999 1.5 0.07826616972161661
0.9999999999 1.6 0.07045270085793366
0.9999999999 1.7 0.0623957726878229
0.9999999999 1.8 0.05471832095175665
0.9999999999 2.0 0.0414429276043834
0.9999999999 2.1 0.035944634709931894
0.9999999999 2.2 0.031160256020688316
0.9999999999 2.3 0.027022240710412194
0.9999999999 2.5 0.020390036510246828
0.9999999999 2.9 0.011869779941353286
0.9999999999 3.0 0.010425636588978776
0.9999999999 3.1 0.009178623162357343
0.9999999999 3.5 0.005644389500958366
0.9999999999 4.0 0.003231654545189891
0.9999999999 4.5 0.0019449072544266018
0.9999999999 5.0 0.0012222823179209121
0.9999999999 6.0 0.000537206690533174
0.9999999999 8.0 0.00014177473068877568
0.9999999999 10.0 4.940630157230749e-05
